76561198134345375
76561198328496416
76561198025226914
76561198155563841
76561197975572523
76561198027073060
76561198005828025
76561198031350693
76561198026384668
76561198103231180
76561198023502462
76561198060511613
76561197960842501
76561198290584925
76561198021535536
76561197998362390
76561198192567902
76561198050183684
76561198263918182
76561197971280338
76561198036603526
76561197970437991
76561197970761271
76561198020755818
76561197963360145
76561198137407681
76561198033586448
76561198027715633
76561198041707440
76561198019161599
76561198008206431
76561197969454451
76561197964906688
76561198098017820
76561198119297620
76561198126244888
76561198143712998
76561198087975209
76561197992825900
76561198019885837
76561198079439841
76561198272319801
76561198113343519
76561198050980316
76561198042159005
76561198026076990
76561198098623086
76561198020322188
76561198025390495
76561198296202681
76561198058427431
76561198325579858
76561198349177592
76561198819952145
76561197969206628
76561197973935912
76561198210686204
76561197993739961
76561198048346499
76561197970577841
76561198016993143
76561197996689686
76561198104815221
76561197963015964
76561197964931388
76561198006765119
76561198010230727
76561198015064927
76561198015309154
76561198023143452
76561198024349403
76561198032450514
76561198053217985
76561198059850311
76561198065494675
76561198065612495
76561198079886761
76561198169311749
76561198277378765
76561198373408760
76561198401662111
76561198424630250
76561198821324771
76561198852924352
76561197991051208
76561197990982233
76561198173812743
76561197995816820
76561197992700592
76561198169876730
76561198013638159
76561198002827273
76561198005925420
76561198064769652
76561198046132039
76561197970867320
76561198006142346
76561197966459831
76561198149783446
76561197961133131
76561198084513727
76561197998605497
76561197963260222
76561197980030498
76561198289080241
76561198042359950
76561198073447765
76561198015906306
76561197977348304
76561198020614395
76561198001207664
76561197966329998
76561197963341353
76561198045652195
76561198400739209
76561198011462938
76561197980988748
76561198040068222
76561197992785024
76561197999294460
76561198015236046
76561198029989663
76561197991691900
76561198047642461
76561197972253120
76561197976865541
76561197993211344
76561198000944589
76561198280141174
76561197993179719
76561198040411707
76561197978409721
76561197985376156
76561197961194733
76561197986593506
76561198037794465
76561197968625017
76561197990542332
76561198118806630
76561198014382481
76561197993255188
76561198018181470
76561197971527897
76561198085651506
76561197988924493
76561198032825140
76561198126935458
76561198136522639
76561197993653984
76561198048112125
76561198021442530
76561197971454018
76561197961887216
76561198004715985
76561198024096343
76561197999795459
76561198060544307
76561198079509077
76561198037567778
76561198031049097
76561198117800332
76561198041364247
76561198091344933
76561197993517598
76561197995842906
76561198002586539
76561197986236034
76561197995242003
76561197972456150
76561197961408733
76561198012504921
76561197976526544
76561197995957580
76561198028941394
76561197978091285
76561197993364964
76561197991000445
76561197993234624
76561198025277113
76561197999583531
76561197961132047
76561197998185195
76561197964334672
76561198086545971
76561197962127297
76561197961045274
76561198084078795
76561198040745642
76561197970926557
76561198018186251
76561198017747038
76561198000313039
76561197965984309
76561197990999253
76561198046277987
76561197998016479
76561197993086480
76561197980195267
76561197993522947
76561197979548110
76561197962261477
76561198003025074
76561197985167049
76561198025751308
76561198258252772
76561197989152676
76561198011969439
76561197966001331
76561197984470112
76561198025146519
76561198006726736
76561198049949784
76561198066356796
76561197983096659
76561197971208791
76561198156294140
76561197968497739
76561197991860333
76561197967072746
76561198025661282
76561198068063648
76561198053849232
76561198004193483
76561198024990414
76561198066452395
76561197981141518
76561198048866187
76561197993270875
76561198107518895
76561197967581829
76561198020755818
76561197975842717
76561198121696622
76561198044044784
76561198005851722
76561197966519860
76561197995306709
76561197966004361
76561197967229504
76561197991938408
76561197971080296
76561198259659139
76561198023656454
76561198053159719
76561198025541433
76561198009420721
76561198010376729
76561198044434128
76561198037891505
76561197963360145
76561197992846793
76561198098467534
76561197996712777
76561198114759711
76561198005151273
76561197968946342
76561198024977470
76561198010490494
76561197975957144
76561198274477207
76561197996524907
76561197962423708
76561197963472503
76561198230951904
76561197970013924
76561198004757964
76561197962402602
76561197989390890
76561198027996776
76561198118371170
76561197993592683
76561198298004195
76561199039435309
76561198121920425
76561198941014500
76561198020243563
76561198027094492
76561198134075710
76561197996557558
76561197994528468
76561197990925641
76561198247241116
76561197994439950
76561197973412389
76561197969391402
76561198049702861
76561197962951706
76561197960266219
76561198017792167
76561198005652347
76561198003710654
76561198006986769
76561198013866056
76561197961572332
76561197987874295
76561198060689991
76561198143949387
76561198002870741
76561198276481326
76561198316197686
76561198048823520
76561197972425356
76561197972439305
76561198966266275
76561197991234802
76561197970251744
76561198027067596
76561197979300031
76561198088787693
76561197995365077
76561197968609576
76561198837988602
76561198053633665
76561198027189351
76561198016663970
76561198094062717
76561198038916234
76561198004003524
76561198268801029
76561197972331231
76561198038813815
76561197993302480
76561198010430418
76561198017952400
76561198019145302
76561197994782867
76561198114818571
76561197982745233
76561198005699285
76561198094640894
76561198004866735
76561197963287854
76561198014102433
76561197979990873
76561198047603234
76561198037941226
76561198024162605
76561198011296827
76561198018871956
76561198082982207
76561197960411956
76561198330975484
76561197978186095
76561198352944955
76561198098793702
76561198069104855
76561198018246219
76561199039775027
76561198033593070
76561198031392132
76561197970475886
76561197992836887
76561198017056538
76561197997946427
76561198027032311
76561198030851960
76561198065449848
76561198122725848
76561197964130021
76561197970978613
76561198182093534
76561198360154473
76561198066099900
76561197974076225
76561197996142321
76561198428596708
76561198048955472
76561197978446905
76561198038597623
76561198009027921
76561197978484973
76561197960792328
76561198044243421
76561198002403867
76561198024175259
76561198023059142
76561198009024525
76561198009192208
76561197996806743
76561198074425819
76561198075190823
76561197989896076
76561198046610363
76561197970916221
76561197970683683
76561198025055378
76561197994859359
76561198113343519
76561198044283657
76561197970539509
76561198002448294
76561198090433209
76561197969484311
76561197994005399
76561198075535898
76561198254191676
76561198081916658
76561198013799830
76561198006418911
76561198022592920
76561197971578911
76561198049860025
76561198044810226
76561198009843281
76561198009706328
76561198982569646
76561198048622148
76561198009077838
76561197962099516
76561197993887867
76561197969275421
76561197971880699
76561197983064780
76561198006448864
76561198071262153
76561198136243489
76561198007192492
76561197982042616
76561197996429552
76561198238210628
76561198071727941
76561198002550842
76561197964823146
76561197988520882
76561198075828604
76561198200608434
76561198011643256
76561198064449892
76561197962368875
76561197963109454
76561198883841686
76561198044490850
76561198006698444
76561198006138713
76561198022048587
76561198153139392
76561198072369224
76561197994245718
76561198005350743
76561197974615614
76561197976813708
76561198025891158
76561198027503441
76561198165813352
76561199049546160
76561198026640002
76561198260396397
76561198008681694
76561198017013061
76561198004899543
76561198073773067
76561198292807935
76561197975565532
76561198055858968
76561198140205471
76561198024751238
76561198093883697
76561198028376580
76561198096371545
76561198028907823
76561197998156934
76561197977167856
76561198142800057
76561198143491927
76561198274612539
76561197983795881
76561197977781262
76561197999053940
76561198021845935
76561197983446593
76561198028315287
76561197990952993
76561197969995293
76561198061544959
76561197976270285
76561197970257218
76561198037222425
76561198318604381
76561198027686852
76561198325579858
76561198002510471
76561198143657137
76561198014873153
76561197972693562
76561197990241214
76561198061796448
76561197970765240
76561198013749597
76561198294241950
76561198076272229
76561198001521027
76561198025854031
76561199042940150
76561198040224605
76561198093809056
76561198819952145
76561197963266039
76561197978827687
76561198040775661
76561197970744385
76561198007481202
76561198012298812
76561198011177345
76561198044081766
76561198005104875
76561198002319646
76561198015025817
76561198159284609
76561198134185623
76561198030679576
76561198019044675
76561198022320015
76561197991226192
76561197999340711
76561198055073571
76561198002024853
76561198097987154
76561197979316028
76561197968552873
76561198022971323
76561198003094468
76561198014930049
76561197990985601
76561197968508835
76561199037466922
76561198009355243
76561198162174052
76561198202148616
76561198110528262
76561197980124065
76561197978596080
76561198116307185
76561197970388514
76561197999134110
76561197994664940
76561197985376175
76561198011564012
76561198030478461
76561198042105512
76561198008627082
76561198130450608
76561197971000546
76561198018456932
76561198029090222
76561197993924096
76561197994053408
76561198115180376
76561197977958843
76561198031723435
76561198004695803
76561198002466205
76561197978501921
76561197971089316
76561198055162007
76561198300921948
76561198056173064
76561198006326827
76561197996114695
76561198125826059
76561197974861923
76561198075810540
76561198949096777
76561198007204879
76561198028724797
76561198205502325
76561197964746464
76561197996188029
76561198243817366
76561198002546914
76561197992714877
76561198012468691
76561198048699649
76561198144363991
76561198004585919
76561198024938218
76561198025580652
76561197969401709
76561198003412713
76561197998222025
76561197977186746
76561198019665492
76561198286379355
76561198079458635
76561198030916210
76561198091898108
76561198011120932
76561198165906408
76561198066662965
76561197970822500
76561198100310548
76561197975126456
76561197967044856
76561197965390618
76561198026981435
76561198007385305
76561198022018964
76561198043667825
76561198044343951
76561198043897173
76561197983959490
76561198022224653
76561198073719156
76561198124990907
76561198092542213
76561198025043728
76561198881841611
76561198002102293
76561198025374385
76561198025626402
76561197969209126
76561197980085814
76561197980148220
76561198859596452
76561198063930378
76561197995700086
76561198394150048
76561197979711669
76561198015017512
76561197979097482
76561198089481105
76561198026424150
76561198057370617
76561197999184319
76561198118921606
76561198022704821
76561198041528015
76561197970118163
76561197972334293
76561198021958509
76561198024369885
76561198018443035
76561197960757487
76561198044435717
76561197993474289
76561197960441164
76561197970229030
76561198019261339
76561197984487882
76561198052367121
76561198013592380
76561198127880931
76561198042460262
76561198008337684
76561198014698888
76561197976550723
76561198211213924
76561197968345770
76561198020833533
76561198081304319
76561197962262812
76561197996964927
76561197973462292
76561198042751331
76561198865676819
76561198024813821
76561198091823338
76561198030416102
76561198136306350
76561198002401918
76561198052659584
76561198028611730
76561197960304198
76561197962925728
76561197964944079
76561197965275260
76561197965513028
76561197967575653
76561197967736486
76561197969340704
76561197969457722
76561197969558524
76561197970611162
76561197970639934
76561197970735311
76561197970833215
76561197971046377
76561197971115522
76561197971173876
76561197971222218
76561197971763372
76561197972585955
76561197972972545
76561197973015037
76561197973358613
76561197974607124
76561197975566890
76561197977726746
76561197978183717
76561197979400141
76561197979478344
76561197982077884
76561197982808132
76561197982987269
76561197983693863
76561197983988691
76561197983997236
76561197987257886
76561197987437377
76561197991679407
76561197992154197
76561197993285695
76561197993350126
76561197993371017
76561197993615135
76561197993684104
76561197993821267
76561197994397863
76561197994427119
76561197994707331
76561197994836400
76561197995111384
76561197996120243
76561197996692754
76561197996701830
76561197996748840
76561197997599165
76561197999193094
76561197999634556
76561198001941472
76561198002568704
76561198003351429
76561198003391916
76561198004804307
76561198005370080
76561198005578099
76561198005629025
76561198006603607
76561198006718081
76561198007004361
76561198007891344
76561198009390172
76561198009573672
76561198012251653
76561198013005283
76561198014347893
76561198014762428
76561198015246880
76561198015263478
76561198015321325
76561198016627844
76561198018455076
76561198018491754
76561198019063322
76561198021385309
76561198023835503
76561198024220313
76561198024483965
76561198024966155
76561198025040879
76561198025063262
76561198025146338
76561198025165474
76561198025260888
76561198025297459
76561198025335951
76561198025733864
76561198025733881
76561198026461026
76561198026643358
76561198026991978
76561198027009471
76561198027532125
76561198028585159
76561198029014837
76561198029148239
76561198030209613
76561198030246258
76561198030696044
76561198031587198
76561198032414954
76561198032826044
76561198034273562
76561198034701227
76561198034943241
76561198035093505
76561198036071599
76561198036346936
76561198036407669
76561198036733815
76561198036916541
76561198036999608
76561198037197843
76561198040970504
76561198043452769
76561198043486556
76561198043605567
76561198043768173
76561198044273068
76561198044668760
76561198044776860
76561198046990751
76561198047111143
76561198047504393
76561198048809096
76561198048930820
76561198050556064
76561198051385209
76561198052269922
76561198052714284
76561198053215131
76561198053337892
76561198053538651
76561198055434404
76561198055889878
76561198058961335
76561198059016208
76561198059505190
76561198059623636
76561198059664182
76561198061647450
76561198063492828
76561198064980214
76561198065222596
76561198067107345
76561198067328686
76561198067368771
76561198070281249
76561198070901439
76561198071234709
76561198071294655
76561198071895792
76561198072312386
76561198073237896
76561198073893825
76561198073967793
76561198077310062
76561198080814107
76561198083944770
76561198084329146
76561198084365606
76561198084437255
76561198086583941
76561198087800317
76561198087986808
76561198089733223
76561198090000079
76561198090092250
76561198090727248
76561198092051701
76561198094115920
76561198095707720
76561198097729870
76561198098978582
76561198098988819
76561198099018659
76561198099023131
76561198100904733
76561198101398962
76561198103234959
76561198103398242
76561198103412875
76561198103653394
76561198103661698
76561198103824702
76561198103825064
76561198106653802
76561198107230738
76561198109626913
76561198111373975
76561198115298783
76561198115389855
76561198121048358
76561198125735530
76561198125940636
76561198130428745
76561198130706301
76561198133134284
76561198136178021
76561198136205113
76561198136219895
76561198136220075
76561198137226185
76561198138117020
76561198139213456
76561198140191696
76561198140465566
76561198141107664
76561198145128666
76561198146919151
76561198153765825
76561198158529154
76561198167335387
76561198168058983
76561198168602105
76561198184079673
76561198189480861
76561198192250591
76561198201695315
76561198208681616
76561198216418348
76561198216589315
76561198240956634
76561198250443302
76561198290066318
76561198300545957
76561198338415214
76561198343184362
76561198346708913
76561198352252653
76561198418545080
76561198425586751
76561198436193914
76561198453287821
76561198821324771
76561198829097386
76561198869288512
76561198883338036
76561198891347541
76561198962426273
76561198967014769
76561198977369816
76561198977482496
76561198984815932
76561199024335194
76561199027601535
76561199037270707
76561199039392373
76561199043001976
76561199043899878
76561199044927619
76561199049702992
76561198205639103
76561198010249013
76561198122495362
76561198355541754
76561198135250828
76561198104742683
76561198825789527
76561198201639201
76561198326688963
76561198273929356
76561198099331017
76561198220942096
76561198322691177
76561198113267087
76561198076574096
76561198118588732
76561198288992871
76561198291637816
76561198282755689
76561198241785552
76561198169331087
76561198260504879
76561198001768018
76561198059412576
76561198050763674
76561197989726655
76561198198476913
76561198125079556
76561198333136855
76561198338165515
76561198161934279
76561198273386383
76561198078089971
76561198140154636
76561198331693455
76561197996709197
76561198055080749
76561198057551768
76561198067074846
76561198069274122
76561198073293616
76561198077891166
76561198096081579
76561198122422748
76561198122766643
76561198125390923
76561198127940239
76561198145843069
76561198145943776
76561198148612208
76561198160588690
76561198170553654
76561198176190929
76561198204050795
76561198210913992
76561198219582131
76561198231494024
76561198250554928
76561198259366078
76561198261740109
76561198280435599
76561198288354962
76561198297074349
76561198302147643
76561198309899305
76561198333790305
76561198342825089
76561198353046525
76561198353604483
76561198353968100
76561198360435795
76561198362459758
76561198362498410
76561198366715611
76561198378375583
76561198410394640
76561198422130850
76561198960810390